10 100 2 4
0 0 18065
0 1 23205
0 2 4857
0 3 17853
0 4 15010
0 5 15320
0 6 11865
0 7 9336
0 8 31497
0 9 6773
1 0 17889
1 1 5054
1 2 21891
1 3 25519
1 4 20099
1 5 18321
1 6 16010
1 7 6132
1 8 19950
1 9 28346
2 0 14134
2 1 29550
2 2 25693
2 3 22602
2 4 11979
2 5 28401
2 6 22493
2 7 9197
2 8 19966
2 9 3866
3 0 18189
3 1 24132
3 2 5990
3 3 28596
3 4 23049
3 5 19750
3 6 8055
3 7 1894
3 8 224
3 9 19422
4 0 6458
4 1 583
4 2 20042
4 3 12474
4 4 22154
4 5 10250
4 6 458
4 7 12950
4 8 13555
4 9 7298
5 0 25211
5 1 7982
5 2 20220
5 3 24622
5 4 5890
5 5 21561
5 6 5747
5 7 12484
5 8 22947
5 9 5890
6 0 21332
6 1 31956
6 2 4478
6 3 1410
6 4 15865
6 5 18297
6 6 1916
6 7 8788
6 8 25884
6 9 22046
7 0 28116
7 1 8470
7 2 28772
7 3 32315
7 4 1260
7 5 29332
7 6 8663
7 7 622
7 8 11889
7 9 15795
8 0 29988
8 1 11465
8 2 7890
8 3 11269
8 4 17935
8 5 13815
8 6 13408
8 7 19628
8 8 22560
8 9 25772
9 0 10674
9 1 9527
9 2 24686
9 3 13029
9 4 30722
9 5 28477
9 6 19981
9 7 25940
9 8 12560
9 9 13789
